"x"	"y"	"z"
103.955032416067	465.820129664267	-207.910064832134
95.8962906917772	433.585162767109	-191.792581383554
106.777703556877	477.110814227509	-213.555407113754
99.8245682680576	449.29827307223	-199.649136536115
101.635697334467	456.542789337866	-203.271394668933
100.460837912007	451.843351648027	-200.921675824014
99.2943872169106	447.177548867643	-198.588774433821
108.326865201458	483.307460805834	-216.653730402917
108.196264772295	482.78505908918	-216.39252954459
96.6212447103682	436.484978841473	-193.242489420736
98.3096613522904	443.238645409161	-196.619322704581
99.9998282151731	449.999312860692	-199.999656430346
95.1024440066439	430.409776026576	-190.204888013288
102.464579636309	459.858318545237	-204.929159272619
102.371156352421	459.484625409686	-204.742312704843
105.422418454529	471.689673818115	-210.844836909057
96.6481663345201	436.592665338081	-193.29633266904
104.018137812034	466.072551248136	-208.036275624068
103.668728407914	464.674913631655	-207.337456815827
99.4135084145017	447.654033658007	-198.827016829003
94.9546869008702	429.818747603481	-189.90937380174
98.9857410719289	445.942964287716	-197.971482143858
106.667802636344	476.671210545375	-213.335605272687
102.889254059407	461.557016237629	-205.778508118814
102.37562252273	459.502490090922	-204.751245045461
88.459928276071	403.839713104284	-176.919856552142
100.064445806314	450.257783225254	-200.128891612627
102.458835698854	459.835342795416	-204.917671397708
95.459263136862	431.837052547448	-190.918526273724
98.0957950494103	442.383180197641	-196.191590098821
101.262818953752	455.051275815009	-202.525637907505
100.65556556783	452.622262271321	-201.311131135661
103.83063342563	465.322533702522	-207.661266851261
99.4756147077735	447.902458831094	-198.951229415547
99.8129514253445	449.251805701378	-199.625902850689
104.330255576508	467.321022306032	-208.660511153016
100.2243770261	450.897508104399	-200.448754052199
94.8735655406407	429.494262162563	-189.747131081281
96.4208741010199	435.68349640408	-192.84174820204
103.093698600828	462.374794403311	-206.187397201656
103.069496886106	462.277987544424	-206.138993772212
102.803895987455	461.21558394982	-205.60779197491
102.15554197675	458.622167906998	-204.311083953499
104.525319969642	468.101279878569	-209.050639939284
98.2464951628491	442.985980651396	-196.492990325698
105.609270038564	472.437080154257	-211.218540077129
94.6459816798482	428.583926719393	-189.291963359696
103.056101447527	462.224405790107	-206.112202895054
98.417972903215	443.67189161286	-196.83594580643
102.826695863995	461.306783455979	-205.653391727989
99.5354458832064	448.141783532825	-199.070891766413
98.0744084344613	442.297633737845	-196.148816868923
100.195359582132	450.78143832853	-200.390719164265
101.245212022897	454.98084809159	-202.490424045795
99.9823192488843	449.929276995537	-199.964638497769
99.2180186245568	446.872074498227	-198.436037249114
96.439813298996	435.759253195984	-192.879626597992
104.791144477682	469.164577910729	-209.582288955364
100.186300047063	450.745200188251	-200.372600094125
101.0468716242	454.187486496802	-202.093743248401
105.358781095062	471.435124380247	-210.717562190123
106.80600476198	477.224019047921	-213.61200952396
106.205181257469	474.820725029877	-212.410362514938
98.7107753383643	444.843101353457	-197.421550676729
102.648568583601	460.594274334403	-205.297137167202
106.558931280788	476.235725123152	-213.117862561576
94.7270143972315	428.908057588926	-189.454028794463
94.5402368200546	428.160947280218	-189.080473640109
100.493430836248	451.973723344994	-200.986861672497
97.6318785447862	440.527514179145	-195.263757089572
108.711215223611	484.844860894443	-217.422430447222
105.01249874323	470.049994972921	-210.024997486461
89.2933671394506	407.173468557802	-178.586734278901
93.3360727194448	423.344290877779	-186.67214543889
103.36990944013	463.47963776052	-206.73981888026
101.542025302135	456.168101208539	-203.08405060427
108.553886834567	484.215547338267	-217.107773669133
100.85119654529	453.404786181159	-201.702393090579
107.362090716279	479.448362865118	-214.724181432559
92.1512037328395	418.604814931358	-184.302407465679
95.7355918446481	432.942367378593	-191.471183689296
100.664626113308	452.658504453232	-201.329252226616
98.0453430211222	442.181372084489	-196.090686042244
96.7842233857311	437.136893542925	-193.568446771462
95.2664980652608	431.065992261043	-190.532996130522
97.8437411358797	441.374964543519	-195.687482271759
93.7717206757455	425.086882702982	-187.543441351491
97.3131060506212	439.252424202485	-194.626212101242
103.654301678413	464.61720671365	-207.308603356825
96.9310533451816	437.724213380726	-193.862106690363
103.681082481487	464.724329925949	-207.362164962974
101.316775943759	455.267103775034	-202.633551887517
101.590460166054	456.361840664217	-203.180920332109
91.4085230400405	415.634092160162	-182.817046080081
92.3406003492289	419.362401396916	-184.681200698458
100.567046478711	452.268185914843	-201.134092957421
107.00310360698	478.012414427919	-214.006207213959
103.7824410318	465.1297641272	-207.5648820636
99.5449451913646	448.179780765459	-199.089890382729
105.085338467068	470.341353868271	-210.170676934136
99.4592065962733	447.836826385093	-198.918413192547
99.9611094979533	449.844437991813	-199.922218995907
106.119089939445	474.476359757781	-212.238179878891
95.244321336728	430.977285346912	-190.488642673456
99.4172540482846	447.669016193139	-198.834508096569
96.5405149620547	436.162059848219	-193.081029924109
97.8247648752082	441.299059500833	-195.649529750416
93.4921879513233	423.968751805293	-186.984375902647
100.484284180295	451.937136721181	-200.96856836059
103.924420761186	465.697683044743	-207.848841522372
99.6516877662735	448.606751065094	-199.303375532547
98.8104607003083	445.241842801233	-197.620921400617
102.454347380788	459.817389523153	-204.908694761576
105.398122350134	471.592489400534	-210.796244700267
103.951082522778	465.804330091111	-207.902165045556
103.199743737811	462.798974951243	-206.399487475622
105.653532462271	472.614129849085	-211.307064924542
96.0439062848124	434.17562513925	-192.087812569625
99.7471746135249	448.9886984541	-199.49434922705
103.768438109573	465.07375243829	-207.536876219145
97.6222268041396	440.488907216558	-195.244453608279
102.868727818758	461.474911275033	-205.737455637517
100.340516529483	451.362066117933	-200.681033058966
104.140623325068	466.562493300273	-208.281246650136
92.6115402645422	420.446161058169	-185.223080529084
101.325609995911	455.302439983643	-202.651219991821
104.089712799088	466.358851196352	-208.179425598176
102.204768249729	458.819072998915	-204.409536499457
105.763493253824	473.053973015294	-211.526986507647
99.7031239397109	448.812495758844	-199.406247879422
99.5473823833583	448.189529533433	-199.094764766717
103.425919348582	463.70367739433	-206.851838697165
99.2576635999746	447.030654399898	-198.515327199949
105.712207399612	472.848829598446	-211.424414799223
108.327069776373	483.308279105494	-216.654139552747
97.7300395795752	440.920158318301	-195.46007915915
95.6489743042851	432.59589721714	-191.29794860857
105.284040775043	471.136163100173	-210.568081550087
102.872647403492	461.490589613967	-205.745294806984
102.878017575706	461.512070302825	-205.756035151412
96.139607077021	434.558428308084	-192.279214154042
100.665835117543	452.663340470171	-201.331670235085
104.241373463737	466.965493854948	-208.482746927474
98.5351037440618	444.140414976247	-197.070207488124
101.359096481337	455.436385925347	-202.718192962673
90.7344485565419	412.937794226168	-181.468897113084
104.753391651161	469.013566604643	-209.506783302321
94.4386558940195	427.754623576078	-188.877311788039
93.6552599067826	424.62103962713	-187.310519813565
105.211735296796	470.846941187183	-210.423470593592
102.947272728129	461.789090912517	-205.894545456258
97.7155620433653	440.862248173461	-195.431124086731
98.3184767756975	443.27390710279	-196.636953551395
103.583677515715	464.334710062859	-207.167355031429
104.362817678627	467.451270714508	-208.725635357254
99.7918860293734	449.167544117494	-199.583772058747
97.3196806175841	439.278722470336	-194.639361235168
98.4017950241056	443.607180096422	-196.803590048211
101.735560383785	456.942241535141	-203.47112076757
99.2499443464838	446.999777385935	-198.499888692968
96.0251801852406	434.100720740963	-192.050360370481
96.3103591911292	435.241436764517	-192.620718382258
99.9096540013166	449.638616005266	-199.819308002633
99.9570405945814	449.828162378326	-199.914081189163
97.9990521904694	441.996208761878	-195.998104380939
99.2733132976329	447.093253190532	-198.546626595266
100.758165785963	453.032663143851	-201.516331571926
102.011955853966	458.047823415864	-204.023911707932
106.695677840481	476.782711361924	-213.391355680962
110.188912609402	490.755650437609	-220.377825218805
102.088595357719	458.354381430877	-204.177190715439
96.4303194878645	435.721277951458	-192.860638975729
102.913250428822	461.653001715288	-205.826500857644
95.3643078911065	431.457231564426	-190.728615782213
105.973135000371	473.892540001482	-211.946270000741
96.6070003345387	436.428001338155	-193.214000669077
101.230727764273	454.922911057094	-202.461455528547
107.732089663175	480.928358652699	-215.46417932635
102.810173403844	461.240693615376	-205.620346807688
100.065238872515	450.260955490058	-200.130477745029
102.565874089688	460.263496358751	-205.131748179376
106.620875872959	476.483503491834	-213.241751745917
96.5614581067077	436.245832426831	-193.122916213415
102.469535972331	459.878143889323	-204.939071944662
105.343346253109	471.373385012437	-210.686692506218
97.8639648899496	441.455859559799	-195.727929779899
102.113491375463	458.453965501851	-204.226982750926
99.7052070879516	448.820828351806	-199.410414175903
100.437837944909	451.751351779638	-200.875675889819
104.40072352448	467.60289409792	-208.80144704896
99.3856879916047	447.542751966419	-198.771375983209
99.3749683567399	447.49987342696	-198.74993671348
98.4545074997468	443.818029998987	-196.909014999494
96.6127220248751	436.4508880995	-193.22544404975
91.3082927920397	415.233171168159	-182.616585584079
97.1283751985092	438.513500794037	-194.256750397018
106.799131040332	477.196524161329	-213.598262080665
99.7232268802366	448.892907520946	-199.446453760473
94.8872446373994	429.548978549597	-189.774489274799
97.698369062995	440.79347625198	-195.39673812599
94.4414220584557	427.765688233823	-188.882844116911
93.9896299681163	425.958519872465	-187.979259936233
103.725014877165	464.900059508661	-207.45002975433
98.8354836697086	445.341934678834	-197.670967339417
102.708679171331	460.834716685324	-205.417358342662
97.4929184334113	439.971673733645	-194.985836866823
94.2300892988341	426.920357195336	-188.460178597668
97.6381937473912	440.552774989565	-195.276387494782
96.8310128119775	437.32405124791	-193.662025623955
96.2725201016419	435.090080406568	-192.545040203284
99.9292137363714	449.716854945485	-199.858427472743
103.972251242331	465.889004969322	-207.944502484661
100.174260096286	450.697040385144	-200.348520192572
91.905876081261	417.623504325044	-183.811752162522
107.579383181384	480.317532725537	-215.158766362768
104.721274154178	468.885096616711	-209.442548308355
109.656653912109	488.626615648436	-219.313307824218
99.0373473443278	446.149389377311	-198.074694688656
108.285157657157	483.140630628629	-216.570315314315
100.930856310489	453.723425241958	-201.861712620979
98.5061266236377	444.024506494551	-197.012253247275
96.6666174707134	436.666469882854	-193.333234941427
94.1463676802728	426.585470721091	-188.292735360546
104.142877041877	466.571508167507	-208.285754083754
105.171498842594	470.685995370374	-210.342997685187
104.575938176686	468.303752706742	-209.151876353371
102.82083432248	461.283337289921	-205.64166864496
101.151379774221	454.605519096883	-202.302759548441
101.03053257176	454.122130287039	-202.06106514352
107.979944974896	481.919779899582	-215.959889949791
98.2175826518238	442.870330607295	-196.435165303648
97.2944241961641	439.177696784656	-194.588848392328
101.646422365618	456.58568946247	-203.292844731235
97.652594321231	440.610377284924	-195.305188642462
94.902529548586	429.610118194344	-189.805059097172
96.4124176905568	435.649670762227	-192.824835381114
102.010640569345	458.042562277382	-204.021281138691
107.60011905521	480.400476220839	-215.20023811042
106.235335438224	474.941341752897	-212.470670876448
95.5778244126667	432.311297650667	-191.155648825333
100.708794702553	452.835178810214	-201.417589405107
108.127653326268	482.510613305073	-216.255306652536
105.636245041899	472.544980167596	-211.272490083798
103.799172557221	465.196690228884	-207.598345114442
100.838837212735	453.355348850941	-201.67767442547
104.89262714475	469.570508579	-209.7852542895
104.348211850746	467.392847402984	-208.696423701492
99.2260353767404	446.904141506961	-198.452070753481
96.8179995505247	437.271998202099	-193.635999101049
98.8409705749653	445.363882299861	-197.681941149931
94.2557986171892	427.023194468757	-188.511597234378
103.509424996002	464.037699984007	-207.018849992004
99.5791407824016	448.316563129606	-199.158281564803
90.6612646255771	412.645058502308	-181.322529251154
95.6117391984331	432.446956793732	-191.223478396866
101.544773737028	456.179094948111	-203.089547474056
104.083676596505	466.334706386021	-208.167353193011
101.500672790828	456.002691163314	-203.001345581657
95.4364201313146	431.745680525259	-190.872840262629
96.9932061635708	437.972824654283	-193.986412327142
112.258095570793	499.03238228317	-224.516191141585
105.7472185819	472.988874327602	-211.494437163801
101.290221657525	455.160886630101	-202.58044331505
99.570060459365	448.28024183746	-199.14012091873
99.7938686522034	449.175474608814	-199.587737304407
103.159096357275	462.636385429099	-206.31819271455
99.1283778303386	446.513511321355	-198.256755660677
97.8219904864621	441.287961945849	-195.643980972924
98.9016786975143	445.606714790057	-197.803357395029
100.110495602476	450.441982409903	-200.220991204951
103.878708870027	465.514835480108	-207.757417740054
91.2023740239802	414.809496095921	-182.40474804796
107.7923751911	481.169500764401	-215.5847503822
100.719412874893	452.87765149957	-201.438825749785
101.660227053095	456.64090821238	-203.32045410619
102.587362013745	460.349448054979	-205.17472402749
97.3840000621958	439.536000248783	-194.768000124392
95.5202021347657	432.080808539063	-191.040404269531
95.981018973041	433.924075892164	-191.962037946082
102.267074165342	459.068296661366	-204.534148330683
102.536512277953	460.146049111811	-205.073024555905
95.1598561658166	430.639424663266	-190.319712331633
99.6283103341571	448.513241336628	-199.256620668314
94.0863636894804	426.345454757922	-188.172727378961
101.55152267291	456.206090691638	-203.103045345819
97.9574981184898	441.829992473959	-195.91499623698
96.7887823009418	437.155129203767	-193.577564601884
101.105202899369	454.420811597476	-202.210405798738
104.547434343291	468.189737373162	-209.094868686581
93.2366875730424	422.94675029217	-186.473375146085
97.9861295640624	441.94451825625	-195.972259128125
107.686941337301	480.747765349206	-215.373882674603
102.264178828062	459.05671531225	-204.528357656125
110.475237416032	491.900949664127	-220.950474832063
94.4032768818581	427.613107527433	-188.806553763716
100.616148297071	452.464593188283	-201.232296594142
96.3462566638459	435.385026655384	-192.692513327692
104.764019887741	469.056079550962	-209.528039775481
105.348389561171	471.393558244684	-210.696779122342
101.841733183777	457.366932735109	-203.683466367555
106.710110381775	476.840441527102	-213.420220763551
103.867647881695	465.47059152678	-207.73529576339
94.2294081980079	426.917632792032	-188.458816396016
98.9433936612358	445.773574644943	-197.886787322472
104.094076782607	466.376307130427	-208.188153565213
90.7938320850658	413.175328340263	-181.587664170132
101.288816963105	455.155267852419	-202.577633926209
98.2481837173273	442.992734869309	-196.496367434655
98.3071502073597	443.228600829439	-196.614300414719
95.5648295094911	432.259318037964	-191.129659018982
101.476076761328	455.904307045311	-202.952153522656
101.088457269954	454.353829079816	-202.176914539908
102.359600084301	459.438400337205	-204.719200168602
101.487950535502	455.951802142009	-202.975901071004
101.78389799367	457.13559197468	-203.56779598734
102.107393758498	458.429575033994	-204.214787516997
97.4077297678034	439.630919071213	-194.815459535607
104.087348273491	466.349393093964	-208.174696546982
104.376921142722	467.507684570888	-208.753842285444
100.309223930045	451.236895720179	-200.61844786009
98.9014471663919	445.605788665568	-197.802894332784
100.301085777019	451.204343108075	-200.602171554037
103.882076519079	465.528306076315	-207.764153038158
97.9147059072603	441.658823629041	-195.829411814521
103.333325233448	463.333300933793	-206.666650466896
102.820989899762	461.283959599046	-205.641979799523
91.7819795985595	417.127918394238	-183.563959197119
97.2630022367715	439.052008947086	-194.526004473543
94.947049007026	429.788196028104	-189.894098014052
104.625111377223	468.500445508893	-209.250222754446
95.8072573548889	433.229029419556	-191.614514709778
98.2978047536434	443.191219014574	-196.595609507287
99.060507487428	446.242029949712	-198.121014974856
104.76115635203	469.04462540812	-209.52231270406
102.162854890859	458.651419563438	-204.325709781719
99.6429419656652	448.571767862661	-199.28588393133
97.1513229934143	438.605291973657	-194.302645986829
102.016844607951	458.067378431805	-204.033689215903
99.5734277391215	448.293710956486	-199.146855478243
89.6652272166378	408.660908866551	-179.330454433276
103.808798185231	465.235192740924	-207.617596370462
101.898650448738	457.594601794953	-203.797300897477
98.2288329127207	442.915331650883	-196.457665825441
100.627040410206	452.508161640824	-201.254080820412
97.0050792293269	438.020316917308	-194.010158458654
108.117178530726	482.468714122903	-216.234357061452
100.457338163355	451.829352653419	-200.914676326709
105.552737124886	472.210948499542	-211.105474249771
105.425936356894	471.703745427577	-210.851872713788
97.1504732973652	438.601893189461	-194.30094659473
97.2394840268647	438.957936107459	-194.478968053729
101.096981897272	454.387927589088	-202.193963794544
98.4768534783806	443.907413913522	-196.953706956761
104.463315099474	467.853260397897	-208.926630198949
100.689400748004	452.757602992015	-201.378801496007
102.050258061839	458.201032247357	-204.100516123679
92.931186239208	421.724744956832	-185.862372478416
97.3191062749083	439.276425099633	-194.638212549817
101.107811790019	454.431247160075	-202.215623580037
101.727871104241	456.911484416963	-203.455742208482
96.1564337802507	434.625735121003	-192.312867560501
100.109722263394	450.438889053574	-200.219444526787
98.521592982695	444.08637193078	-197.04318596539
103.231369753187	462.92547901275	-206.462739506375
101.190130951894	454.760523807577	-202.380261903789
100.092222778019	450.368891112076	-200.184445556038
104.407657845582	467.63063138233	-208.815315691165
99.3517860252379	447.407144100952	-198.703572050476
100.34617888641	451.384715545639	-200.69235777282
100.067991607732	450.271966430929	-200.135983215465
100.600689718014	452.402758872056	-201.201379436028
101.931658131232	457.726632524928	-203.863316262464
103.530433577549	464.121734310198	-207.060867155099
101.263699315675	455.0547972627	-202.52739863135
100.912953499126	453.651813996504	-201.825906998252
99.5664624515484	448.265849806194	-199.132924903097
104.420243986125	467.6809759445	-208.84048797225
102.35487638773	459.41950555092	-204.70975277546
98.7344691031654	444.937876412661	-197.468938206331
101.465426529114	455.861706116456	-202.930853058228
96.9556417668771	437.822567067509	-193.911283533754
98.4494947622061	443.797979048824	-196.898989524412
90.596787974424	412.387151897696	-181.193575948848
96.9388005821254	437.755202328501	-193.877601164251
101.84867007031	457.394680281241	-203.697340140621
108.695609884507	484.782439538026	-217.391219769013
91.8531323871343	417.412529548537	-183.706264774269
100.634550264356	452.538201057425	-201.269100528712
96.9735408762116	437.894163504847	-193.947081752423
99.1574720249289	446.629888099715	-198.314944049858
103.02506031496	462.100241259841	-206.050120629921
96.0010620751225	434.00424830049	-192.002124150245
96.225021900427	434.900087601708	-192.450043800854
99.8714757236915	449.485902894766	-199.742951447383
93.9419900075739	425.767960030296	-187.883980015148
93.5238619209433	424.095447683773	-187.047723841887
98.4471450088968	443.788580035587	-196.894290017794
98.4855880915267	443.942352366107	-196.971176183053
93.6198053430163	424.479221372065	-187.239610686033
95.5642533599239	432.257013439695	-191.128506719848
100.222002707111	450.888010828445	-200.444005414222
94.509524247274	428.038096989096	-189.019048494548
105.48526287855	471.9410515142	-210.9705257571
91.76385981217	417.05543924868	-183.52771962434
96.0338980414599	434.135592165839	-192.06779608292
101.007735576822	454.03094230729	-202.015471153645
95.7442196163956	432.976878465583	-191.488439232791
99.1323909801763	446.529563920705	-198.264781960353
96.6470041073345	436.588016429338	-193.294008214669
102.635094519239	460.540378076958	-205.270189038479
101.808030189432	457.232120757728	-203.616060378864
103.199855170468	462.799420681873	-206.399710340936
101.458914753902	455.83565901561	-202.917829507805
108.343784694818	483.375138779273	-216.687569389637
99.7140605777522	448.856242311009	-199.428121155504
100.809352862972	453.237411451886	-201.618705725943
93.8809254652236	425.523701860894	-187.761850930447
98.6476474178493	444.590589671397	-197.295294835699
103.816545447233	465.266181788932	-207.633090894466
100.327370090893	451.30948036357	-200.654740181785
106.83207206744	477.328288269762	-213.664144134881
108.024212152814	482.096848611258	-216.048424305629
96.8483146114533	437.393258445813	-193.696629222907
91.9590032504904	417.836013001961	-183.918006500981
104.545495383378	468.181981533511	-209.090990766755
107.460308446083	479.841233784332	-214.920616892166
104.098470011905	466.39388004762	-208.19694002381
99.1504550433672	446.601820173469	-198.300910086734
100.844145139009	453.376580556037	-201.688290278019
101.784302404346	457.137209617383	-203.568604808692
102.082398712928	458.329594851714	-204.164797425857
101.510247672458	456.040990689831	-203.020495344916
97.5053647645363	440.021459058145	-195.010729529073
97.7095578991889	440.838231596756	-195.419115798378
101.250004612787	455.000018451149	-202.500009225575
97.1702886676421	438.681154670568	-194.340577335284
102.084813941391	458.339255765564	-204.169627882782
101.792751923633	457.171007694531	-203.585503847265
97.9787095760609	441.914838304244	-195.957419152122
99.1735513860595	446.694205544238	-198.347102772119
100.118456078506	450.473824314023	-200.236912157011
108.209376609714	482.837506438857	-216.418753219429
96.925769598088	437.703078392352	-193.851539196176
97.738964882145	440.95585952858	-195.47792976429
106.666653631192	476.66661452477	-213.333307262385
93.8383959716491	425.353583886597	-187.676791943298
104.580184505344	468.320738021376	-209.160369010688
93.7522017434013	425.008806973605	-187.504403486803
101.884886351344	457.539545405374	-203.769772702687
100.143044148937	450.57217659575	-200.286088297875
98.5925990706896	444.370396282758	-197.185198141379
96.2249800006609	434.899920002644	-192.449960001322
101.469506463419	455.878025853676	-202.939012926838
92.5381131499669	420.152452599868	-185.076226299934
100.442215745704	451.768862982817	-200.884431491408
98.0534802328281	442.213920931312	-196.106960465656
104.790128500991	469.160514003962	-209.580257001981
106.051329713886	474.205318855545	-212.102659427772
97.0929330516111	438.371732206444	-194.185866103222
99.00855453466	446.03421813864	-198.01710906932
100.537716757076	452.150867028306	-201.075433514153
104.3412714617	467.365085846802	-208.682542923401
105.184583668222	470.73833467289	-210.369167336445
105.150519822682	470.602079290726	-210.301039645363
98.6451856470195	444.580742588078	-197.290371294039
102.417186168868	459.668744675473	-204.834372337736
103.683069629021	464.732278516083	-207.366139258041
106.579054972135	476.316219888539	-213.158109944269
96.4549935327781	435.819974131112	-192.909987065556
108.690000516293	484.760002065173	-217.380001032587
102.859417206193	461.437668824772	-205.718834412386
104.149650284786	466.598601139144	-208.299300569572
95.6977134772404	432.790853908961	-191.395426954481
98.102978920909	442.411915683636	-196.205957841818
99.7207496786425	448.88299871457	-199.441499357285
96.9499072248181	437.799628899272	-193.899814449636
97.7095611858747	440.838244743499	-195.419122371749
95.4892320456114	431.956928182446	-190.978464091223
100.490906162837	451.963624651347	-200.981812325673
104.915158136808	469.660632547232	-209.830316273616
97.6497079258954	440.598831703582	-195.299415851791
92.6433275461334	420.573310184534	-185.286655092267
101.991304554634	457.965218218534	-203.982609109267
102.025926598574	458.103706394294	-204.051853197147
102.094417620683	458.377670482733	-204.188835241366
102.499799633597	459.999198534388	-204.999599267194
88.0765808824871	402.306323529948	-176.153161764974
107.547706877233	480.190827508932	-215.095413754466
101.839521041457	457.358084165828	-203.679042082914
101.5657105584	456.2628422336	-203.1314211168
95.2509859399452	431.003943759781	-190.50197187989
101.777294236693	457.109176946771	-203.554588473386
96.9842240097327	437.936896038931	-193.968448019465
100.84404569465	453.376182778598	-201.688091389299
99.4529916802878	447.811966721151	-198.905983360576
100.052975978618	450.211903914472	-200.105951957236
102.720422348187	460.881689392747	-205.440844696373
99.7770985339725	449.10839413589	-199.554197067945
98.0036079257573	442.014431703029	-196.007215851515
96.6922913458134	436.769165383253	-193.384582691627
98.8406720521047	445.362688208419	-197.681344104209
98.0298427842853	442.119371137141	-196.059685568571
103.900440594616	465.601762378463	-207.800881189231
100.391837683476	451.567350733905	-200.783675366952
98.0113582949889	442.045433179955	-196.022716589978
101.692980951813	456.771923807252	-203.385961903626
97.9230674206064	441.692269682426	-195.846134841213
107.676445720383	480.705782881532	-215.352891440766
95.0210466039825	430.08418641593	-190.042093207965
99.3582400169188	447.432960067675	-198.716480033838
104.086323504511	466.345294018044	-208.172647009022
97.4686765405937	439.874706162375	-194.937353081187
99.1862606182798	446.745042473119	-198.37252123656
101.645112815174	456.580451260696	-203.290225630348
95.941678315424	433.766713261696	-191.883356630848
103.993150682109	465.972602728437	-207.986301364218
93.4708403813762	423.883361525505	-186.941680762752
99.0633551524101	446.25342060964	-198.12671030482
93.3795619940683	423.518247976273	-186.759123988137
96.6661168461852	436.664467384741	-193.33223369237
109.235533403484	486.942133613938	-218.471066806969
98.9457774846686	445.783109938674	-197.891554969337
107.988434010365	481.953736041459	-215.97686802073
99.0286321133641	446.114528453456	-198.057264226728
97.7810418144875	441.12416725795	-195.562083628975
97.8820936980099	441.52837479204	-195.76418739602
102.818942594239	461.275770376957	-205.637885188478
96.2444568284375	434.97782731375	-192.488913656875
103.501064534277	464.004258137108	-207.002129068554
97.0225318185361	438.090127274144	-194.045063637072
106.916291249467	477.665164997869	-213.832582498935
96.7400308893076	436.960123557231	-193.480061778615
93.2390680635888	422.956272254355	-186.478136127178
105.96377785135	473.855111405398	-211.927555702699
102.814532299819	461.258129199277	-205.629064599638
96.1492256797702	434.596902719081	-192.29845135954
95.209852031623	430.839408126492	-190.419704063246
99.996490308875	449.9859612355	-199.99298061775
102.804032814067	461.216131256269	-205.608065628134
99.0106351053759	446.042540421503	-198.021270210752
99.9748931588518	449.899572635407	-199.949786317704
100.578654838131	452.314619352523	-201.157309676261
102.129784472817	458.519137891266	-204.259568945633
95.2958565936304	431.183426374521	-190.591713187261
109.934616271342	489.738465085367	-219.869232542684
94.6733237491454	428.693294996582	-189.346647498291
94.5569266819983	428.227706727993	-189.113853363997
99.0596301746699	446.23852069868	-198.11926034934
99.6417800704286	448.567120281714	-199.283560140857
100.803314950919	453.213259803677	-201.606629901839
98.9385386325063	445.754154530025	-197.877077265013
99.5599448676351	448.23977947054	-199.11988973527
99.1448687118609	446.579474847444	-198.289737423722
103.023793020966	462.095172083865	-206.047586041932
99.3790945117136	447.516378046854	-198.758189023427
98.9879732043031	445.951892817212	-197.975946408606
93.3947858248664	423.579143299466	-186.789571649733
92.9618932821504	421.847573128602	-185.923786564301
98.4288560103838	443.715424041535	-196.857712020768
96.253941048344	435.015764193376	-192.507882096688
92.9390384304093	421.756153721637	-185.878076860819
92.9627542046001	421.8510168184	-185.9255084092
102.889928778069	461.559715112277	-205.779857556139
100.423611940796	451.694447763185	-200.847223881592
101.560548011367	456.242192045468	-203.121096022734
93.4241462472098	423.696584988839	-186.84829249442
97.3807415155898	439.522966062359	-194.76148303118
99.6434290069816	448.573716027926	-199.286858013963
97.242354132802	438.969416531208	-194.484708265604
100.569593538017	452.278374152067	-201.139187076034
97.8532435146347	441.412974058539	-195.706487029269
105.678355995122	472.713423980488	-211.356711990244
102.102950269621	458.411801078483	-204.205900539242
98.5599902065584	444.239960826234	-197.119980413117
101.702219459606	456.808877838424	-203.404438919212
98.3548406785936	443.419362714375	-196.709681357187
104.283699147178	467.134796588711	-208.567398294356
104.187288695757	466.749154783028	-208.374577391514
98.5577027344843	444.230810937937	-197.115405468969
99.0155177790774	446.06207111631	-198.031035558155
110.531375978038	492.125503912154	-221.062751956077
100.33149285643	451.325971425721	-200.662985712861
96.0250136693992	434.100054677597	-192.050027338798
101.374436760937	455.49774704375	-202.748873521875
100.199690349431	450.798761397724	-200.399380698862
89.9707375273066	409.882950109226	-179.941475054613
101.313831905859	455.255327623436	-202.627663811718
104.465664489107	467.862657956429	-208.931328978214
98.41323217439	443.65292869756	-196.82646434878
105.027866788872	470.111467155488	-210.055733577744
100.506081049985	452.02432419994	-201.01216209997
104.320247067952	467.280988271807	-208.640494135904
99.8671475365153	449.468590146061	-199.734295073031
100.382004780206	451.528019120823	-200.764009560411
97.9588109107896	441.835243643158	-195.917621821579
103.63445433575	464.537817343002	-207.268908671501
98.4499355017566	443.799742007026	-196.899871003513
108.244217602207	482.976870408828	-216.488435204414
98.2694213930694	443.077685572277	-196.538842786139
97.4813890160418	439.925556064167	-194.962778032084
96.8764101793372	437.505640717349	-193.752820358674
100.449216707888	451.79686683155	-200.898433415775
103.482398383666	463.929593534665	-206.964796767332
105.679211043844	472.716844175375	-211.358422087687
102.770954476769	461.083817907074	-205.541908953537
90.9535468941467	413.814187576587	-181.907093788293
102.853516987358	461.414067949431	-205.707033974716
106.144319452967	474.577277811867	-212.288638905933
101.274282883737	455.097131534948	-202.548565767474
87.167772495579	398.671089982316	-174.335544991158
101.746726868043	456.986907472174	-203.493453736087
97.5469956931151	440.18798277246	-195.09399138623
99.8601585994284	449.440634397714	-199.720317198857
96.3754475160277	435.501790064111	-192.750895032055
97.9439145953844	441.775658381538	-195.887829190769
100.588124474833	452.35249789933	-201.176248949665
94.6244955863576	428.49798234543	-189.248991172715
100.653846275524	452.615385102097	-201.307692551049
97.8283631067104	441.313452426842	-195.656726213421
101.692067417297	456.768269669187	-203.384134834594
95.0735495442307	430.294198176923	-190.147099088461
104.426701873989	467.706807495954	-208.853403747977
100.212396949068	450.849587796271	-200.424793898135
87.1915597770251	398.7662391081	-174.38311955405
96.1843825210665	434.737530084266	-192.368765042133
99.1793799692395	446.717519876958	-198.358759938479
101.409837614287	455.639350457149	-202.819675228574
102.358353109655	459.433412438621	-204.71670621931
106.296028407892	475.184113631567	-212.592056815784
97.4890186671602	439.956074668641	-194.97803733432
103.472659907808	463.890639631232	-206.945319815616
94.0625195902016	426.250078360806	-188.125039180403
98.396402851502	443.585611406008	-196.792805703004
97.4426092654859	439.770437061944	-194.885218530972
100.865564189025	453.462256756102	-201.731128378051
94.9554494813248	429.821797925299	-189.91089896265
107.951874753133	481.807499012531	-215.903749506266
103.929219072482	465.716876289929	-207.858438144964
98.7727188482174	445.090875392869	-197.545437696435
94.7473459109778	428.989383643911	-189.494691821956
96.3711553419132	435.484621367653	-192.742310683826
99.6292521983329	448.517008793332	-199.258504396666
89.9866890102607	409.946756041043	-179.973378020521
97.6688299536384	440.675319814554	-195.337659907277
104.483307947139	467.933231788556	-208.966615894278
104.660468872464	468.641875489858	-209.320937744929
99.1096608021363	446.438643208545	-198.219321604273
101.087237944751	454.348951779004	-202.174475889502
96.3589520069769	435.435808027907	-192.717904013954
97.0355157598505	438.142063039402	-194.071031519701
98.2928543030514	443.171417212206	-196.585708606103
103.002730149361	462.010920597446	-206.005460298723
102.597314630531	460.389258522125	-205.194629261062
98.2068177501649	442.827271000659	-196.41363550033
104.237661531977	466.950646127909	-208.475323063955
89.2187813580082	406.875125432033	-178.437562716016
98.6913632345914	444.765452938366	-197.382726469183
105.278676074957	471.114704299829	-210.557352149914
106.234045540726	474.936182162903	-212.468091081451
103.442549776941	463.770199107764	-206.885099553882
100.568547448192	452.27418979277	-201.137094896385
100.809453096589	453.237812386354	-201.618906193177
97.9989919386485	441.995967754594	-195.997983877297
95.3972325865384	431.588930346154	-190.794465173077
97.5657932371853	440.263172948741	-195.131586474371
99.4117004353871	447.646801741548	-198.823400870774
94.2566856314654	427.026742525861	-188.513371262931
99.0273105442428	446.109242176971	-198.054621088486
108.106780094769	482.427120379075	-216.213560189538
95.928010206157	433.712040824628	-191.856020412314
94.7605752435468	429.042300974187	-189.521150487094
97.5341965308615	440.136786123446	-195.068393061723
104.097674777786	466.390699111145	-208.195349555573
96.6690026624391	436.676010649756	-193.338005324878
105.768308895562	473.073235582248	-211.536617791124
94.9231238499193	429.692495399677	-189.846247699839
98.7427640388392	444.971056155357	-197.485528077678
97.54320887095	440.1728354838	-195.0864177419
97.7424938994576	440.96997559783	-195.484987798915
97.7404117560231	440.961647024093	-195.480823512046
87.7150278578516	400.860111431406	-175.430055715703
94.7421356271054	428.968542508421	-189.484271254211
102.708224543088	460.832898172353	-205.416449086177
106.396468382201	475.585873528804	-212.792936764402
96.0840482534072	434.336193013629	-192.168096506814
98.2773712287687	443.109484915075	-196.554742457537
93.5116045694715	424.046418277886	-187.023209138943
97.4112174826364	439.644869930546	-194.822434965273
101.444022685078	455.776090740313	-202.888045370157
96.8506002142676	437.40240085707	-193.701200428535
101.057657769783	454.230631079131	-202.115315539565
99.5424869790912	448.169947916365	-199.084973958182
93.4767858170419	423.907143268167	-186.953571634084
96.0506388652097	434.202555460839	-192.101277730419
92.8728175670974	421.49127026839	-185.745635134195
95.5397999800206	432.159199920082	-191.079599960041
106.345961921661	475.383847686644	-212.691923843322
96.8961353498072	437.584541399229	-193.792270699614
97.375630286556	439.502521146224	-194.751260573112
96.139804053425	434.5592162137	-192.27960810685
102.987453281158	461.94981312463	-205.974906562315
102.711622145008	460.846488580031	-205.423244290015
105.186145034569	470.744580138277	-210.372290069139
103.997456761431	465.989827045723	-207.994913522861
98.126116405389	442.504465621556	-196.252232810778
102.285942516048	459.143770064192	-204.571885032096
101.693476388801	456.773905555205	-203.386952777602
106.28777278698	475.151091147918	-212.575545573959
100.961026494464	453.844105977858	-201.922052988929
101.26569091633	455.062763665321	-202.531381832661
97.8233183987626	441.29327359505	-195.646636797525
100.490606588346	451.962426353385	-200.981213176692
103.818702562493	465.274810249973	-207.637405124986
105.96916627799	473.876665111961	-211.93833255598
103.130347954525	462.521391818099	-206.26069590905
102.1261395454	458.504558181599	-204.252279090799
102.26893099448	459.075723977921	-204.53786198896
100.627128527015	452.508514108061	-201.254257054031
98.38903909757	443.55615639028	-196.77807819514
100.301943220445	451.207772881779	-200.60388644089
95.1894788204649	430.75791528186	-190.37895764093
98.5104615889586	444.041846355835	-197.020923177917
102.609564621482	460.438258485928	-205.219129242964
102.468040628176	459.872162512705	-204.936081256353
98.211441987973	442.845767951892	-196.422883975946
100.633923999839	452.535695999357	-201.267847999678
97.9440042494588	441.776016997835	-195.888008498918
95.5089465424993	432.035786169997	-191.017893084999
98.2114439110989	442.845775644396	-196.422887822198
91.5525852070506	416.210340828202	-183.105170414101
97.087605469765	438.35042187906	-194.17521093953
99.0131985753865	446.052794301546	-198.026397150773
97.5455372877594	440.182149151037	-195.091074575519
100.415791394166	451.663165576665	-200.831582788332
96.7976857917328	437.190743166931	-193.595371583466
105.294815616762	471.179262467047	-210.589631233524
100.124656315064	450.498625260257	-200.249312630128
96.7055453067059	436.822181226823	-193.411090613412
96.5329930747109	436.131972298843	-193.065986149422
94.9896736849036	429.958694739614	-189.979347369807
95.7992081389444	433.196832555778	-191.598416277889
103.306099203239	463.224396812958	-206.612198406479
96.6253189763028	436.501275905211	-193.250637952606
91.3332762260851	415.333104904341	-182.66655245217
103.096059972289	462.384239889157	-206.192119944578
102.394725312201	459.578901248803	-204.789450624401
104.788898704264	469.155594817056	-209.577797408528
98.5273045223197	444.109218089279	-197.054609044639
102.809279195963	461.237116783852	-205.618558391926
100.301388233453	451.205552933813	-200.602776466907
90.9493976720251	413.797590688101	-181.89879534405
104.218820957423	466.875283829692	-208.437641914846
96.410698753884	435.642795015536	-192.821397507768
109.595419485747	488.381677942987	-219.190838971493
105.052798678059	470.211194712237	-210.105597356119
105.162340061755	470.64936024702	-210.32468012351
107.953942310942	481.815769243766	-215.907884621883
100.836827625048	453.347310500191	-201.673655250096
98.2212137337136	442.884854934855	-196.442427467427
93.3660899455317	423.464359782127	-186.732179891063
102.329320787757	459.317283151026	-204.658641575513
97.1551697031756	438.620678812703	-194.310339406351
105.475995092569	471.903980370278	-210.951990185139
100.244803757252	450.979215029009	-200.489607514504
98.9886605702934	445.954642281173	-197.977321140587
104.034573419283	466.138293677131	-208.069146838566
97.3790846562287	439.516338624915	-194.758169312457
110.536525465011	492.146101860044	-221.073050930022
98.7786683939558	445.114673575823	-197.557336787912
100.39397280605	451.575891224199	-200.7879456121
97.2431648236319	438.972659294527	-194.486329647264
101.257122639606	455.028490558423	-202.514245279211
103.680698126864	464.722792507458	-207.361396253729
93.9514121785248	425.805648714099	-187.90282435705
99.9411905983141	449.764762393256	-199.882381196628
102.422606633659	459.690426534635	-204.845213267317
95.9324766182092	433.729906472837	-191.864953236418
104.462558223427	467.850232893708	-208.925116446854
98.9593449712856	445.837379885142	-197.918689942571
104.145903584341	466.583614337364	-208.291807168682
101.964317019334	457.857268077334	-203.928634038667
94.6965118004644	428.786047201858	-189.393023600929
104.438229316514	467.752917266054	-208.876458633027
98.5635634196453	444.254253678581	-197.127126839291
106.893586040234	477.574344160936	-213.787172080468
96.7829306367034	437.131722546814	-193.565861273407
105.709222071495	472.836888285979	-211.41844414299
95.6528428974783	432.611371589913	-191.305685794957
102.288484604987	459.153938419947	-204.576969209973
105.699173536707	472.796694146827	-211.398347073414
98.3757145938122	443.502858375249	-196.751429187624
100.196588750143	450.786355000574	-200.393177500287
95.8749393296277	433.499757318511	-191.749878659255
104.122320890543	466.489283562173	-208.244641781086
103.186207072014	462.744828288058	-206.372414144029
97.3311386573787	439.324554629515	-194.662277314757
100.933990602865	453.735962411458	-201.867981205729
107.448780177272	479.795120709087	-214.897560354544
99.7753875524267	449.101550209707	-199.550775104853
96.0910720226481	434.364288090592	-192.182144045296
103.797939326053	465.191757304212	-207.595878652106
100.772868964842	453.091475859366	-201.545737929683
95.9307974468374	433.72318978735	-191.861594893675
100.057116016338	450.228464065354	-200.114232032677
93.9195734169908	425.678293667963	-187.839146833982
97.3066028074199	439.22641122968	-194.61320561484
97.0025439944359	438.010175977744	-194.005087988872
99.8628790140615	449.451516056246	-199.725758028123
88.1108129004444	402.443251601778	-176.221625800889
102.778521309274	461.114085237096	-205.557042618548
102.920846755211	461.683387020845	-205.841693510422
95.4641328433098	431.856531373239	-190.92826568662
99.7740716142383	449.096286456953	-199.548143228477
98.9665771920505	445.866308768202	-197.933154384101
95.00494468913	430.01977875652	-190.00988937826
99.587557676463	448.350230705852	-199.175115352926
106.676783537547	476.707134150187	-213.353567075093
94.8879839514858	429.551935805943	-189.775967902972
102.983197377369	461.932789509475	-205.966394754738
101.960348691183	457.841394764732	-203.920697382366
92.0131704529644	418.052681811858	-184.026340905929
94.3646587319843	427.458634927937	-188.729317463969
103.671380538096	464.685522152383	-207.342761076191
97.0020769782635	438.008307913054	-194.004153956527
95.0462425259046	430.184970103619	-190.092485051809
106.457793617775	475.831174471099	-212.91558723555
98.4425027883627	443.770011153451	-196.885005576725
101.053678985851	454.214715943405	-202.107357971703
99.1899134080774	446.75965363231	-198.379826816155
104.230755652179	466.923022608716	-208.461511304358
101.047589340076	454.190357360305	-202.095178680153
100.430796251345	451.723185005382	-200.861592502691
103.323686404103	463.294745616412	-206.647372808206
103.445097897628	463.780391590511	-206.890195795256
101.321237006752	455.284948027006	-202.642474013503
104.359849736661	467.439398946642	-208.719699473321
102.39515410852	459.580616434081	-204.790308217041
101.988170468003	457.952681872012	-203.976340936006
98.1677207948865	442.670883179546	-196.335441589773
103.66986116957	464.679444678279	-207.339722339139
98.3586467546089	443.434587018436	-196.717293509218
96.6955886398675	436.78235455947	-193.391177279735
100.183333749327	450.733334997308	-200.366667498654
100.099849123862	450.39939649545	-200.199698247725
96.4198451175781	435.679380470312	-192.839690235156
97.4040330452608	439.616132181043	-194.808066090522
97.7811470472162	441.124588188865	-195.562294094432
95.7938125957287	433.175250382915	-191.587625191457
99.5866783479121	448.346713391648	-199.173356695824
94.2622291966684	427.048916786673	-188.524458393337
94.4775259209054	427.910103683621	-188.955051841811
94.0024298840059	426.009719536024	-188.004859768012
100.088075440266	450.352301761064	-200.176150880532
100.399854887262	451.599419549049	-200.799709774525
99.5395174811102	448.158069924441	-199.07903496222
98.3938447696482	443.575379078593	-196.787689539296
109.378493630954	487.513974523817	-218.756987261909
96.0911326336211	434.364530534484	-192.182265267242
103.588927082736	464.355708330943	-207.177854165471
99.6330308287914	448.532123315165	-199.266061657583
98.7339545086251	444.9358180345	-197.46790901725
94.3884210433291	427.553684173317	-188.776842086658
99.3816243105646	447.526497242258	-198.763248621129
102.567165160909	460.268660643638	-205.134330321819
94.375524190682	427.502096762728	-188.751048381364
96.4449459596844	435.779783838737	-192.889891919369
100.478589737155	451.914358948622	-200.957179474311
103.701744514165	464.806978056658	-207.403489028329
97.2786923099601	439.11476923984	-194.55738461992
99.4823395591634	447.929358236654	-198.964679118327
100.501660877805	452.006643511219	-201.00332175561
99.1558349203476	446.62333968139	-198.311669840695
103.485507103377	463.942028413509	-206.971014206754
106.234721845973	474.938887383893	-212.469443691947
100.872753028056	453.491012112224	-201.745506056112
101.624618965699	456.498475862795	-203.249237931398
98.9671705909577	445.868682363831	-197.934341181915
103.541136395727	464.164545582909	-207.082272791455
102.234114517777	458.936458071109	-204.468229035555
100.727137686381	452.908550745523	-201.454275372762
105.792544617895	473.170178471582	-211.585089235791
101.492811637622	455.971246550488	-202.985623275244
98.4197964487026	443.67918579481	-196.839592897405
98.0898823995407	442.359529598163	-196.179764799081
99.348023923296	447.392095693184	-198.696047846592
99.2439583015338	446.975833206135	-198.487916603068
100.725450791152	452.901803164607	-201.450901582303
103.304675006552	463.218700026207	-206.609350013103
101.577662752702	456.310651010807	-203.155325505403
102.95433976296	461.817359051839	-205.908679525919
98.9154791144875	445.66191645795	-197.830958228975
99.7536357076795	449.014542830718	-199.507271415359
103.397741470727	463.590965882908	-206.795482941454
95.1670833506326	430.66833340253	-190.334166701265
104.230808172396	466.923232689583	-208.461616344791
109.497376095301	487.989504381203	-218.994752190601
98.3990103024162	443.596041209665	-196.798020604832
103.966463488567	465.865853954267	-207.932926977133
103.853911209735	465.415644838938	-207.707822419469
100.398771738373	451.595086953492	-200.797543476746
97.3883912996262	439.553565198505	-194.776782599252
94.5519814868481	428.207925947392	-189.103962973696
101.812081006844	457.248324027374	-203.624162013687
100.04323080756	450.17292323024	-200.08646161512
95.9060131073069	433.624052429228	-191.812026214614
93.5363201160535	424.145280464214	-187.072640232107
96.5542515176845	436.217006070738	-193.108503035369
103.46318785541	463.852751421639	-206.926375710819
95.9633711286642	433.853484514657	-191.926742257328
99.4570076936356	447.828030774543	-198.914015387271
102.297348042565	459.189392170261	-204.594696085131
90.4086837256725	411.63473490269	-180.817367451345
101.127151213141	454.508604852566	-202.254302426283
100.165266533053	450.661066132211	-200.330533066105
92.5975071573515	420.390028629406	-185.195014314703
96.8220913007174	437.28836520287	-193.644182601435
98.018854960451	442.075419841804	-196.037709920902
97.256476514544	439.025906058176	-194.512953029088
97.7889761631032	441.155904652413	-195.577952326206
99.5898239649213	448.359295859685	-199.179647929843
103.299513984622	463.198055938488	-206.599027969244
99.4881501396062	447.952600558425	-198.976300279212
97.6469179853101	440.58767194124	-195.29383597062
102.672753948768	460.691015795071	-205.345507897535
104.020593292468	466.082373169871	-208.041186584936
99.4311847080681	447.724738832272	-198.862369416136
103.457143697908	463.828574791631	-206.914287395816
99.9123816255475	449.64952650219	-199.824763251095
98.9410764937341	445.764305974936	-197.882152987468
96.3467478798282	435.386991519313	-192.693495759656
95.4614792726288	431.845917090515	-190.922958545258
103.058228395942	462.232913583768	-206.116456791884
102.282840552483	459.131362209932	-204.565681104966
94.5932242850401	428.37289714016	-189.18644857008
91.8804581243194	417.521832497278	-183.760916248639
102.361914614651	459.447658458603	-204.723829229302
94.3477201456443	427.390880582577	-188.695440291289
106.441366203842	475.765464815368	-212.882732407684
107.361770187564	479.447080750256	-214.723540375128
105.473191638723	471.892766554893	-210.946383277446
94.9777074616417	429.910829846567	-189.955414923283
94.4626116472398	427.850446588959	-188.92522329448
99.9216812829692	449.686725131877	-199.843362565938
100.65034261905	452.601370476201	-201.3006852381
99.4611665941202	447.844666376481	-198.92233318824
99.6608054482008	448.643221792803	-199.321610896402
97.7081525712659	440.832610285064	-195.416305142532
106.670425745128	476.681702980513	-213.340851490257
97.6931930606763	440.772772242705	-195.386386121353
101.20742537235	454.829701489401	-202.4148507447
98.4407106888213	443.762842755285	-196.881421377643
96.7762149248319	437.104859699328	-193.552429849664
97.3965044289051	439.58601771562	-194.79300885781
92.6951892105758	420.780756842303	-185.390378421152
99.60067442433	448.40269769732	-199.20134884866
100.517613863169	452.070455452674	-201.035227726337
101.661875611621	456.647502446482	-203.323751223241
105.246050229841	470.984200919363	-210.492100459682
93.3771669959813	423.508667983925	-186.754333991963
97.7779244387757	441.111697755103	-195.555848877551
93.4408101732546	423.763240693018	-186.881620346509
101.155722425689	454.622889702756	-202.311444851378
109.167018130091	486.668072520364	-218.334036260182
103.488360398116	463.953441592465	-206.976720796232
98.5195414304919	444.078165721967	-197.039082860984
105.194117113047	470.776468452189	-210.388234226095
99.3792250574957	447.516900229983	-198.758450114991
101.272142226129	455.088568904517	-202.544284452258
99.716127081921	448.864508327684	-199.432254163842
100.733869307613	452.935477230453	-201.467738615227
103.116357159269	462.465428637078	-206.232714318539
94.9732142117319	429.892856846928	-189.946428423464
107.973145791355	481.892583165419	-215.94629158271
98.5968934483219	444.387573793288	-197.193786896644
101.604154021381	456.416616085524	-203.208308042762
108.538474096246	484.153896384985	-217.076948192493
99.7109357189123	448.843742875649	-199.421871437825
97.5904892189185	440.361956875674	-195.180978437837
108.211498931946	482.845995727783	-216.422997863892
96.0327797101296	434.131118840519	-192.065559420259
100.541250465911	452.165001863644	-201.082500931822
98.1695870722708	442.678348289083	-196.339174144542
99.8063153320045	449.225261328018	-199.612630664009
99.2308241603919	446.923296641568	-198.461648320784
95.9165857338639	433.666342935456	-191.833171467728
94.2366929291651	426.946771716661	-188.47338585833
103.046674837951	462.186699351803	-206.093349675901
102.789930622715	461.15972249086	-205.57986124543
95.7985386264526	433.19415450581	-191.597077252905
94.0650905399332	426.260362159733	-188.130181079866
99.8920934799365	449.568373919746	-199.784186959873
103.770059606648	465.08023842659	-207.540119213295
97.4840418591803	439.936167436721	-194.968083718361
97.4767957640453	439.907183056181	-194.953591528091
95.9047484802067	433.618993920827	-191.809496960413
103.156248448831	462.624993795323	-206.312496897661
104.802064748081	469.208258992323	-209.604129496161
105.010291435606	470.041165742423	-210.020582871211
97.2238887192269	438.895554876908	-194.447777438454
97.8554054622085	441.421621848834	-195.710810924417
